UNITS MM,10000;
ADD N1 :F1.0 :S0 :T1003 :D '1, 50, 0, 0' 0, 0;
ADD N1 :F1.0 :S0 :T1003 :D '2, 50, 0, 0' 46.784, -0.0741;
ADD P1
 42.354100,1.364500
 46.784000,1.364500
 46.784000,-1.512700
 42.354100,-1.512700
 42.354100,1.364500;
ADD P1
 40.272400,-1.512700
 42.354100,-1.512700
 42.354100,-10.958200
 40.272400,-10.958200
 40.272400,-1.512700;
ADD P1
 40.272400,1.364500
 42.354100,1.364500
 42.354100,-1.512700
 40.272400,-1.512700
 40.272400,-0.074100
 40.272400,1.364500;
ADD P1
 40.272400,2.770200
 42.354100,2.770200
 42.354100,1.364500
 40.272400,1.364500
 40.272400,2.770200;
ADD P1
 42.354100,2.770200
 40.272400,2.770200
 40.272400,4.852000
 42.354100,2.770200;
ADD P1
 38.914000,4.852000
 40.272400,4.852000
 40.272400,2.770200
 38.914000,2.770200
 38.914000,2.803300
 38.914000,4.818900
 38.914000,4.852000;
ADD P1
 37.484500,4.818900
 38.914000,4.818900
 38.914000,2.803300
 37.484500,2.803300
 37.484500,2.856900
 37.484500,4.765300
 37.484500,4.818900;
ADD P1
 37.484500,2.856900
 35.576100,2.856900
 37.484500,4.765300
 37.484500,2.856900;
ADD P1
 32.800500,2.856900
 34.708900,2.856900
 34.708900,-11.792900
 32.800500,-11.792900
 32.800500,-11.739300
 32.800500,2.856900;
ADD P1
 35.576100,2.856900
 37.484500,2.856900
 37.484500,2.803300
 37.484500,-11.792900
 35.576100,-11.792900
 35.576100,2.856900;
ADD P1
 32.800500,-11.792900
 34.708900,-11.792900
 32.800500,-13.701300
 32.800500,-11.792900;
ADD P1
 31.388300,-11.739300
 32.800500,-11.739300
 32.800500,-11.792900
 32.800500,-13.701300
 32.800500,-13.754900
 31.388300,-13.754900
 31.388300,-11.739300;
ADD P1
 29.996300,-11.739300
 31.388300,-11.739300
 31.388300,-13.754900
 29.996300,-13.754900
 29.996300,-11.739300;
ADD P1
 27.980600,-11.739300
 29.996300,-11.739300
 29.996300,-13.754900
 27.980600,-11.739300;
ADD P1
 24.827900,2.605800
 26.789100,2.605800
 26.789100,-11.739300
 24.827900,-11.739300
 24.827900,2.605800;
ADD P1
 28.007800,2.605800
 29.969000,2.605800
 29.969000,-11.739300
 28.007800,-11.739300
 28.007800,2.605800;
ADD P1
 26.816400,2.605800
 24.800700,2.605800
 24.800700,4.621400
 26.816400,2.605800;
ADD P1
 23.408700,4.621400
 24.800700,4.621400
 24.800700,2.605800
 23.408700,2.605800
 23.408700,4.621400;
ADD P1
 22.006200,4.621400
 23.408700,4.621400
 23.408700,2.605800
 22.006200,2.605800
 22.006200,2.633000
 22.006200,4.594200
 22.006200,4.621400;
ADD P1
 22.006200,2.633000
 20.045000,2.633000
 22.006200,4.594200
 22.006200,2.633000;
ADD P1
 16.865000,2.633000
 18.826200,2.633000
 18.826200,-11.712100
 16.865000,-11.712100
 16.865000,-11.684900
 16.865000,2.633000;
ADD P1
 20.045000,2.633000
 22.006200,2.633000
 22.006200,2.605800
 22.006200,-11.712100
 20.045000,-11.712100
 20.045000,2.633000;
ADD P1
 16.865000,-11.712100
 18.826200,-11.712100
 16.865000,-13.673300
 16.865000,-11.712100;
ADD P1
 15.462500,-11.684900
 16.865000,-11.684900
 16.865000,-11.712100
 16.865000,-13.673300
 16.865000,-13.700500
 15.462500,-13.700500
 15.462500,-11.684900;
ADD P1
 14.070500,-11.684900
 15.462500,-11.684900
 15.462500,-13.700500
 14.070500,-13.700500
 14.070500,-11.684900;
ADD P1
 12.054800,-11.684900
 14.070500,-11.684900
 14.070500,-13.700500
 12.054800,-11.684900;
ADD P1
 9.332900,2.877400
 11.241300,2.877400
 11.241300,-11.684900
 9.332900,-11.684900
 9.332900,2.877400;
ADD P1
 12.108500,2.877400
 14.016900,2.877400
 14.016900,-11.684900
 12.108500,-11.684900
 12.108500,2.877400;
ADD P1
 11.295000,2.877400
 9.279300,2.877400
 9.279300,4.893000
 11.295000,2.877400;
ADD P1
 7.870000,4.893000
 9.279300,4.893000
 9.279300,2.877400
 7.870000,2.877400
 7.870000,4.893000;
ADD P1
 6.511600,4.926100
 7.870000,4.926100
 7.870000,4.893000
 7.870000,2.877400
 7.870000,2.844300
 6.511600,2.844300
 6.511600,4.926100;
ADD P1
 6.511600,2.844300
 4.429900,2.844300
 6.511600,4.926100
 6.511600,2.844300;
ADD P1
 4.429900,2.844300
 6.511600,2.844300
 6.511600,1.438600
 4.429900,1.438600
 4.429900,2.844300;
ADD P1
 4.429800,-1.438600
 6.511600,-1.438600
 6.511600,-10.884100
 4.429800,-10.884100
 4.429800,-1.438600;
ADD P1
 6.511600,-1.438600
 4.429800,-1.438600
 4.429800,1.438600
 6.511600,1.438600
 6.511600,0.000000
 6.511600,-1.438600;
ADD P1
 0.000000,1.438600
 4.429800,1.438600
 4.429800,-1.438600
 0.000000,-1.438600
 0.000000,1.438600;
