UNITS MM,10000;
ADD N1 :F1.0 :S0 :T1003 :D '1, 50, 0, 0' 0, 0;
ADD N1 :F1.0 :S0 :T1003 :D '2, 50, 0, 0' 46.9962, -0.0746;
ADD P1
 42.924300,1.364900
 46.996200,1.364900
 46.996200,-1.514100
 42.924300,-1.514100
 42.924300,1.364900;
ADD P1
 40.841300,-1.514100
 42.924300,-1.514100
 42.924300,-10.881400
 40.841300,-10.881400
 40.841300,-1.514100;
ADD P1
 40.841300,1.364900
 42.924300,1.364900
 42.924300,-1.514100
 40.841300,-1.514100
 40.841300,-0.074600
 40.841300,1.364900;
ADD P1
 40.841300,2.049300
 42.924300,2.049300
 42.924300,1.364900
 40.841300,1.364900
 40.841300,2.049300;
ADD P1
 42.924300,2.049300
 40.841300,2.049300
 40.841300,4.132300
 42.924300,2.049300;
ADD P1
 39.646100,4.132300
 40.841300,4.132300
 40.841300,2.049300
 39.646100,2.049300
 39.646100,2.064800
 39.646100,4.116800
 39.646100,4.132300;
ADD P1
 38.417200,4.116800
 39.646100,4.116800
 39.646100,2.064800
 38.417200,2.064800
 38.417200,2.089100
 38.417200,4.092400
 38.417200,4.116800;
ADD P1
 38.417200,2.089100
 36.413900,2.089100
 38.417200,4.092400
 38.417200,2.089100;
ADD P1
 33.078100,2.089100
 35.081400,2.089100
 35.081400,-10.952800
 33.078100,-10.952800
 33.078100,-10.928500
 33.078100,2.089100;
ADD P1
 36.413900,2.089100
 38.417200,2.089100
 38.417200,2.064800
 38.417200,-10.952800
 36.413900,-10.952800
 36.413900,2.089100;
ADD P1
 33.078100,-10.952800
 35.081400,-10.952800
 33.078100,-12.956100
 33.078100,-10.952800;
ADD P1
 31.857300,-10.928500
 33.078100,-10.928500
 33.078100,-10.952800
 33.078100,-12.956100
 33.078100,-12.980500
 31.857300,-12.980500
 31.857300,-10.928500;
ADD P1
 30.646300,-10.928500
 31.857300,-10.928500
 31.857300,-12.980500
 30.646300,-12.980500
 30.646300,-10.928500;
ADD P1
 28.594300,-10.928500
 30.646300,-10.928500
 30.646300,-12.980500
 28.594300,-10.928500;
ADD P1
 24.728900,1.962900
 26.754800,1.962900
 26.754800,-10.928500
 24.728900,-10.928500
 24.728900,1.962900;
ADD P1
 28.607200,1.962900
 30.633200,1.962900
 30.633200,-10.928500
 28.607200,-10.928500
 28.607200,1.962900;
ADD P1
 26.767900,1.962900
 24.715900,1.962900
 24.715900,4.014900
 26.767900,1.962900;
ADD P1
 23.504900,4.014900
 24.715900,4.014900
 24.715900,1.962900
 23.504900,1.962900
 23.504900,4.014900;
ADD P1
 22.288600,4.014900
 23.504900,4.014900
 23.504900,1.962900
 22.288600,1.962900
 22.288600,1.975900
 22.288600,4.001900
 22.288600,4.014900;
ADD P1
 22.288600,1.975900
 20.262700,1.975900
 22.288600,4.001900
 22.288600,1.975900;
ADD P1
 16.384200,1.975900
 18.410100,1.975900
 18.410100,-10.915500
 16.384200,-10.915500
 16.384200,-10.902500
 16.384200,1.975900;
ADD P1
 20.262500,1.975900
 22.288600,1.975900
 22.288600,1.962900
 22.288600,-10.915500
 20.262500,-10.915500
 20.262500,1.975900;
ADD P1
 16.384200,-10.915500
 18.410100,-10.915500
 16.384200,-12.941500
 16.384200,-10.915500;
ADD P1
 15.167900,-10.902500
 16.384200,-10.902500
 16.384200,-10.915500
 16.384200,-12.941500
 16.384200,-12.954500
 15.167900,-12.954500
 15.167900,-10.902500;
ADD P1
 13.956900,-10.902500
 15.167900,-10.902500
 15.167900,-12.954500
 13.956900,-12.954500
 13.956900,-10.902500;
ADD P1
 11.904900,-10.902500
 13.956900,-10.902500
 13.956900,-12.954500
 11.904900,-10.902500;
ADD P1
 8.593500,2.139400
 10.596800,2.139400
 10.596800,-10.902500
 8.593500,-10.902500
 8.593500,2.139400;
ADD P1
 11.929200,2.139400
 13.932500,2.139400
 13.932500,-10.902500
 11.929200,-10.902500
 11.929200,2.139400;
ADD P1
 10.621200,2.139400
 8.569200,2.139400
 8.569200,4.191400
 10.621200,2.139400;
ADD P1
 7.350100,4.191400
 8.569200,4.191400
 8.569200,2.139400
 7.350100,2.139400
 7.350100,4.191400;
ADD P1
 6.154900,4.206900
 7.350100,4.206900
 7.350100,4.191400
 7.350100,2.139400
 7.350100,2.123900
 6.154900,2.123900
 6.154900,4.206900;
ADD P1
 6.154900,2.123900
 4.071900,2.123900
 6.154900,4.206900
 6.154900,2.123900;
ADD P1
 4.071900,2.123900
 6.154900,2.123900
 6.154900,1.439500
 4.071900,1.439500
 4.071900,2.123900;
ADD P1
 4.071900,-1.439500
 6.154900,-1.439500
 6.154900,-10.806800
 4.071900,-10.806800
 4.071900,-1.439500;
ADD P1
 6.154900,-1.439500
 4.071900,-1.439500
 4.071900,1.439500
 6.154900,1.439500
 6.154900,0.000000
 6.154900,-1.439500;
ADD P1
 0.000000,1.439500
 4.071900,1.439500
 4.071900,-1.439500
 0.000000,-1.439500
 0.000000,1.439500;
